% Rate in kbps
Rate=[
%1 Client
88040.279 
		%2 Clients
45150.982 
		%3 Clients
30303.641 
		%4 Clients
27617.211 
		%5 Clients
24868.616 
		%6 Clients
22242.296 
		%7 Clients
20524.064 
		%8 Clients
18744.889 
		%9 Clients
17058.827 
		%10 Clients
15690.455 
		%11 Clients
14127.744 
		%12 Clients
13522.408 
		%13 Clients
13177.631 
		%14 Clients
12811.330 
		%15 Clients
12584.387 
		%15 Clients
12135.161 
		%16 Clients
11705.638 
		%17 Clients
11276.116 
		%18 Clients
10846.594 
		%19 Clients
10417.071 
		%20 Clients
9987.549 
		%21 Clients
9367.587 
		%22 Clients
8747.625 
		%23 Clients
8127.663 
		%24 Clients
7907.701 
		%25 Clients
7887.739 
		%26 Clients
7690.831 
		%27 Clients
7393.922 
		%28 Clients
7297.014 
		%29 Clients
7100.106 
		%30 Clients
6903.197 
		%31 Clients
6701.986 
		%32 Clients
6500.776 
		%33 Clients
6399.565 
		%34 Clients
6098.354 
		%35 Clients
5897.143 
		%36 Clients
5552.127 
		%37 Clients
5207.111 
		%38 Clients
4862.096 
		%39 Clients
4517.080 
		%40 Clients
4172.064 
		%41 Clients
4092.922 
		%42 Clients
4013.781 
		%43 Clients
3934.639 
		%44 Clients
3855.498 
		%45 Clients
3776.356 
		%46 Clients
3697.215 
		%47 Clients
3618.073 
		%48 Clients
3538.932 
		%49 Clients
3459.790 
		%50 Clients
3380.649 
		%51 Clients
3274.611 
		%52 Clients
3168.573 
		%53 Clients
3062.536 
		%54 Clients
2956.498 
		%55 Clients
2850.461 
		%56 Clients
2744.423 
		%57 Clients
2638.386 
		%58 Clients
2532.348 
		%59 Clients
2426.310 
		%60 Clients
2320.273 
		%61 Clients
2283.828 
		%62 Clients
2247.383 
		%63 Clients
2210.939 
		%64 Clients
2174.494 
		%65 Clients
2138.049 
		%66 Clients
2101.604 
		%67 Clients
2065.160 
		%68 Clients
2028.715 
		%69 Clients
1992.270 
		%70 Clients
1955.825 
		%71 Clients
1946.788 
		%72 Clients
1937.751 
		%73 Clients
1928.714 
		%74 Clients
1919.677 
		%75 Clients
1910.640 
		%76 Clients
1901.603 
		%77 Clients
1892.566 
		%78 Clients
1883.529 
		%79 Clients
1874.492 
		%80 Clients
1865.455 
		%81 Clients
1833.185 
		%82 Clients
1800.915 
		%83 Clients
1768.645 
		%84 Clients
1736.375 
		%85 Clients
1704.106 
		%86 Clients
1671.836 
		%87 Clients
1639.566 
		%88 Clients
1607.296 
		%89 Clients
1575.026 
		%90 Clients
1542.756 
		%91 Clients
1538.544 
		%92 Clients
1534.331 
		%93 Clients
1530.119 
		%94 Clients
1525.906 
		%95 Clients
1521.694 
		%96 Clients
1517.481 
		%97 Clients
1513.269 
		%98 Clients
1509.056 
		%99 Clients
1504.844 
		 ];